,TT_1,TT_2,TT_3,TT_4,TT_5
1,174,28,50,192,50
2,233,16,40,135,108
3,138,28,34,65,67
4,104,16,12,225,156
5,182,20,26,185,68
6,125,10,38,97,41
7,119,10,59,72,85
8,62,17,30,107,74
9,124,22,37,211,162
10,61,19,55,148,87
11,172,27,22,234,97
12,113,26,27,239,113
13,88,16,21,233,43
14,183,20,48,131,138
15,214,10,10,73,134
16,208,11,15,168,92
17,138,12,51,236,130
18,152,16,24,102,99
19,100,28,38,184,154
20,114,27,50,76,125
21,118,13,33,178,140
22,121,14,47,179,130
23,147,19,54,121,92
24,75,25,19,116,176
25,73,29,51,204,99
26,91,15,49,205,128
27,148,28,34,75,93
28,215,28,31,105,48
29,232,17,25,71,75
30,86,11,22,204,56
31,205,28,42,211,69
32,217,15,11,216,110
33,137,11,29,163,158
34,153,28,19,226,40
35,237,29,10,165,32
36,162,23,18,235,137
37,66,25,28,39,125
38,202,24,15,165,160
39,106,24,37,24,165
40,89,21,43,199,84
41,113,25,23,128,52
42,189,23,32,141,165
43,103,22,38,100,37
44,120,23,39,27,165
45,153,26,12,158,103
46,181,28,34,138,96
47,76,14,32,212,127
48,73,24,15,46,33
49,171,11,29,214,38
50,90,27,14,61,95
51,155,22,14,182,104
52,194,12,55,168,174
53,217,21,49,74,44
54,158,16,14,175,116
55,199,20,33,191,35
56,65,17,17,135,134
57,119,26,31,130,178
58,239,17,21,71,160
59,178,23,40,93,139
60,196,10,47,213,148
61,238,16,31,20,174
62,139,21,58,52,174
63,93,26,27,192,171
64,127,22,49,110,157
65,214,21,36,45,104
66,126,19,53,198,77
67,196,21,55,144,65
68,235,13,31,46,40
69,121,17,11,148,99
70,192,18,37,151,113
71,177,22,10,69,103
72,115,16,28,180,96
73,185,11,21,140,129
74,176,21,57,174,33
75,233,12,18,72,83
76,104,17,14,146,170
77,192,29,44,57,158
78,168,23,12,166,37
79,221,27,37,219,78
80,165,18,33,173,62
81,205,10,55,132,173
82,153,17,35,154,120
83,129,22,42,225,49
84,119,19,37,38,47
85,128,23,36,182,91
86,220,27,30,51,163
87,160,23,48,86,130
88,165,12,34,113,147
89,60,24,49,103,157
90,124,12,10,146,113
91,155,23,11,31,176
92,131,13,31,104,118
93,94,20,29,123,83
94,224,15,36,213,38
95,144,29,43,170,129
96,190,15,59,94,88
97,108,18,28,63,76
98,81,16,36,54,177
99,69,10,10,133,70
100,107,13,35,40,164